1.407579935	1.149505678
0.994739853	1.264926256
2.14716479	0.98384428
0.412830487	0.554741008
0.708322478	0.948811021
1.046738771	0.22953459
1.015720602	0.796842562
0.866329676	2.384313844
0.7121767	2.003387886
1.494752388	1.520665356
0.963758004	1.262838617
0.515941702	1.495933215
2.027702681	1.233700463
1.547295011	1.559050106
1.893305024	1.723457829
0.983951171	0.387245352
2.149494541	0.885406348
1.551806265	0.983709498
-0.084859212	0.666928658
0.24081529	0.403489847
1.350178369	1.763272169
0.930287225	1.400688005
0.913712639	0.45353439
1.644861734	0.368393181
2.02131342	1.256319576
1.234741202	0.586696997
1.076398944	0.281020462
2.350558614	0.851525229
0.993593241	0.493159773
0.729670491	1.509770382
0.642970253	2.383943784
0.55859825	-0.020571623
1.049017037	1.502501707
0.483485822	1.253459497
-0.115046289	0.494466689
0.229067866	1.576994774
1.261721299	0.466975179
1.654769682	-0.129349818
1.721561315	0.326011444
2.387718179	1.346898004
0.349612392	1.246186135
1.818720541	1.60159294
1.049008134	1.294463829
0.719330664	1.756212711
0.744172194	-0.202887914
1.533774781	0.817296929
1.389850014	0.7820778
-0.08370716	0.965269361
1.614817839	1.640310052
1.495139358	0.594145457
0.858200641	1.15147213
0.41124048	-0.146400314
0.538247061	0.450785849
0.258326275	1.564086965
0.969871176	-0.046078395
0.766801599	1.8489075
0.812832933	0.709538647
1.13281882	1.316660372
0.821605009	0.294233163
-0.018316836	1.4528852
0.640774426	0.999153671
0.685991913	1.752436725
-0.029497307	0.67195334
1.531406714	0.558786975
-0.299987223	0.546353286
1.253276128	2.184824492
0.823114542	0.802173145
0.781449204	0.034592289
1.388593607	1.569140315
0.817880675	1.01497146
0.86389724	0.786476633
0.477051499	1.310090463
1.6754557	1.532487643
1.594971273	0.617692908
1.411862353	1.06653853
1.318752575	0.813607053
1.435862225	0.653139995
1.416552319	1.285314799
1.236460372	1.432820195
1.378974482	0.177917702
0.574537966	1.666076521
1.017607996	1.089303865
1.330226145	0.858378613
0.564710422	0.046911321
1.000458623	0.845672854
0.887493212	0.958264138
1.744854542	1.062279424
1.283492975	0.738099311
1.656683446	1.555657
1.373602054	1.940817112
1.605540286	1.746177823
0.94330166	0.861670436
1.069091685	1.201362293
0.623105806	1.244032764
1.232543479	0.626920545
2.844563715	0.993107664
1.058551817	0.646168877
0.972643217	1.041253332
1.514953406	1.966022247
0.061828751	0.887779377
2.676937013	3.561543168
1.491456976	4.826463102
2.340504297	4.52384093
2.165958153	3.684759008
1.959784855	3.557801292
1.569633061	4.846537153
2.250387032	4.018822244
2.674735945	4.111152821
2.409585944	4.209569145
2.837654992	3.62256524
1.16684651	4.65332981
2.011557488	5.411882041
1.189787912	2.507305328
2.068781301	4.118779343
2.324979053	4.567216705
1.539400482	3.522498203
2.769695049	4.053841921
1.715086173	4.102355954
2.374058628	3.640149735
1.791381579	4.423940844
1.545005529	4.728910006
1.557700927	4.133935445
1.129378543	4.22179747
2.912452243	3.672099308
0.531657661	4.671093822
1.225972156	3.94583765
0.809255726	4.264394087
1.194231912	4.704857045
0.324896794	3.821655909
2.361311804	3.883489853
2.024265623	4.054334155
1.381449396	3.86601069
1.21941465	3.238642824
1.20921258	4.289442513
1.832926736	3.135079747
0.786744205	3.817328198
2.244037906	3.154965213
1.946104369	4.780868953
1.794642548	4.051234292
2.391335462	4.287371867
2.207446927	3.842297769
1.793188586	4.952104056
2.018471568	3.75761084
1.919991287	4.691021775
1.624377591	4.691875068
2.66686384	3.684642962
2.721299756	4.257615347
2.043429114	4.075960103
1.383951457	5.268993864
1.296217707	3.403468283
2.15060253	3.049270837
1.841226674	4.186510403
1.512085536	3.418234958
2.07921007	3.646510512
1.289208983	4.198860025
2.204252333	3.221168126
1.044743949	4.643021469
0.527741999	4.252843975
1.875127653	4.853445292
1.410842069	3.81288941
2.91867147	4.547817182
2.823601821	3.328653822
1.632729256	4.144500567
1.419957786	4.674053487
1.87016276	3.611073769
1.810350523	4.052422643
2.831190457	4.980807514
1.791022805	3.529296186
2.723306588	3.333766495
2.74234609	4.560166908
3.511834123	3.985907635
1.772329919	3.339592707
1.714838875	3.463773905
3.005435208	4.207761259
1.556978599	4.146930315
0.910698218	3.789052998
2.05203699	4.137435978
2.300154503	4.338659458
1.782211502	3.561419019
1.789584771	3.808144075
1.182254043	3.564605924
3.033682358	4.80393344
2.120823291	3.232784149
1.671387925	4.968460419
2.241087418	3.658138792
2.500637005	3.998781086
1.371021973	4.574523457
2.135157926	4.442669257
1.710578162	3.795163411
2.99042921	4.533146396
2.09535545	3.292165847
1.325188772	4.828884876
1.933361914	4.696266398
2.269430587	4.011107562
3.260350025	4.242335389
2.023740481	4.587704251
2.342943549	3.803358417
2.720435691	4.327244319
2.305263183	4.412319184
1.478142974	4.223170617
3.903361267	1.14768066
3.605305032	1.798600112
4.424051101	0.814254226
4.924190297	1.770193123
3.986835012	1.526085317
4.632857046	1.942375771
3.581945307	2.226444044
4.095580834	2.498008704
3.894117919	1.91410003
4.978155526	2.024086041
4.176378354	2.607969988
4.4606279	2.778027874
3.795288036	2.130555083
3.619958416	2.5167539
4.236821784	1.562059401
3.508936842	2.951372973
3.18296219	1.602336467
3.818729564	1.539479327
4.959504688	2.322874587
3.764607338	1.96080047
4.132497065	1.048105338
3.643766883	2.646480708
2.769764246	2.417123249
4.000256256	2.988575116
5.016195938	2.176904204
3.801083018	2.422989657
3.309913263	1.309129768
3.405596665	3.115678894
4.218513924	3.422875139
3.747801223	1.771208019
4.590173011	1.583131286
3.834540893	2.600066158
2.748685669	1.318832581
3.736317242	2.092165624
4.427154683	1.919108889
4.615885667	2.495978002
4.770960746	0.818692601
4.600432186	2.074062698
4.644034808	2.157149938
5.1364195	0.937342811
4.920659428	1.904695902
4.105353144	2.377505383
3.714329338	1.23453773
3.83215084	1.819976089
4.421578213	2.118109536
4.724904901	1.686449575
3.851464418	2.943908191
4.907602292	2.46166117
3.565031721	1.652744907
3.720801323	2.198973717
3.767829474	2.677289958
3.602829762	2.148931495
4.521940773	2.334153383
3.887748458	2.385884419
5.110922356	2.443487194
3.996322884	1.206353243
5.119768153	1.593923859
2.542018943	1.788267261
4.217090058	1.041542786
4.170090088	1.158869089
5.161113378	2.214587346
4.157034399	2.215345747
5.067496931	2.554759359
5.135641511	2.219358643
3.627810537	1.53993064
3.285606011	1.990565858
4.514916408	1.570092976
3.510953804	2.52029471
3.905708084	1.093429749
3.657262731	2.515668165
4.060486394	2.298858179
4.357854951	2.463856188
4.427322255	1.652829055
4.081384799	2.118278929
3.43185481	1.975379425
3.491843373	1.093490424
4.175381655	2.290870436
2.689419408	2.265557049
3.295333191	1.554136974
3.060538724	2.744017445
3.803231944	0.940926451
4.291132789	1.753403512
5.418850139	1.76550193
3.997523802	1.571770058
3.359417041	1.601633181
3.727870712	2.289828188
4.274932759	1.475722729
4.613108095	2.041328262
3.724555136	1.744926732
3.997234091	1.922982553
4.711517027	3.159409263
4.134243631	1.674885442
4.048235288	2.531312784
3.801359459	2.022721212
3.769223089	2.018887757
4.634802138	0.85843389
3.681004298	2.612464015
3.97163771	2.092714142
3.379708395	1.739590242
4.362247248	2.022456423
